031402203
031402209
031402202
031402214
031402216
031402543
031402345
031402222
031402398
031402204
031402119
031402119
031402235
031402489
031402601
031402229
031402166
031402183
031402312
031402298
031402199
031402415
031402565
031402408
031402456
031402278
031402442
031402184
031402598
031402282
031402405
031402410
031402367
031402514
031402445
031402340
031402141
031402141
031402513
031402540
031402154
031402219
031402132
031402381
031402221
031402122
031402446
031402200
031402586
031402579
031402153
031402507
031402133
031402562
031402427
031402303
031402161
031402544
031402504
031402458
031402474
031402257
031402503
031402310
031402177
031402515
031402554
031402546
031402506
