031402436 95057,
031402527 11037,
031402607 11061,
031402137 94178,
031402134 88005,
031402311 11065,
031402309 82061,
031402538 10012,
031402343 02103,
031402540 89085,
031402325 89086,
031402234 82061,
031402338 06033,
031402410 83046,
031402612 07042,
031402515 12095,
031402316 02124,
031402331 04073,
031402512 98041,
031402238 05013,
031402432 11061,
031402536 04059,
031402237 02103,
031402242 11061,
031402319 07042,
031402123 03154,
031402127 06033,
031402142 05023,
031402240 02103,
031402638 88005,
031402111 04021,
031402525 06033,
031402510 05023,
031402414 06033,
031402513 04074,
031402218 06033,
031402501 15095,
031402628 82061,
031402528 04021,
031402135 87007,
031402630 89086,
031402334 11065,
031402141 82061,
031402634 96066,
031402413 15018,
031402422 11065,
031402412 15018,
031402239 84069,
031402206 06033,
031402128 89086,
031402541 11037,
031402411 85034,
031402107 07042,
031402503 07042,
031402328 07126,
031402402 89086,
031402539 07126,
031402428 11065,
031402626 85034,
031402516 02112,
031402439 11065,
031402113 84069,
031402236 07126,
031402505 06033,
031402322 03154,
031402138 89086,
031402616 16005,
031402631 02124,
031402340 15041,
031402329 09008,
031402217 92146,
031402502 10011,
031402624 03032,
031402118 92022,
031402520 11048,
031402230 96070,
031402622 87007,
131400420 02112,
031402611 06018,
031402429 15028,
031402110 15018,
031402220 06018,
031402407 15018,
031402430 84069,
031402133 05023,
031402124 03003,
031402518 15018,
031402637 03154,
031402117 89085,
031402235 03171,
031402221 96066,
031402326 98004,
031402307 95098,
031402105 11065,
031402108 94176,
031402320 02103,
031402519 15095,
031402312 11065,
031402507 85034,
031402106 02125,
031402321 96070,
031402610 02124,
031402421 04059,
031402406 92022,
031402315 94104,
031402620 02005,
031402526 04022,
031402404 04073,
031402537 07042,
031402308 84069,
031402215 04073,
031402529 03032,
031402514 85073,
031402130 09008,
031402216 07126,
031402423 89085,
031402444 11037,
031402125 11037,
031402131 82056,
031402603 10012,
031402203 15005,
031402401 82056,
031402228 82056,
031402534 03154,
031402209 03003,
031402533 89085,
031402434 82056,
031402425 94178,
031402625 89085,
031402644 95057,
031402136 03032,
031402522 94178,
031402207 11048,
031402530 04021,
031402641 82056,
031402636 03154,
031402243 02112,
031402208 87007,
031402241 02005,
031402635 96009,
031402606 92146,
031402336 88005,
031402441 98004,
031402544 12005,
031402324 88005,
031402210 15018,
031402205 87007,
031402613 08076,
031402301 02112,
031402202 15018,
031402227 04022,
031402532 83046,
031402231 04073,
031402427 95057,
031402139 06018,
031402605 07126,
031402543 11061,
031402424 03003,
031402223 85034,
031402420 06033,
031402642 95057,
031402531 12005,
031402303 08076,
031402116 11065,
031402524 15095,
031402126 06018,
031402335 96070,
031402114 89086,
031402306 87007,
031402601 03003,
031402609 03154,
031402213 04019
