031402436 3.362278
95057
07042
06018
03154
15018

031402527 3.347902
11037
88005
94178
89085
85034

031402607 3.261938
11061
15005
15018
12005
06033

031402137 3.260036
94178
11037
03171
96007
92022

031402134 3.221852
88005
08076
15005
10012
04059

031402311 3.193502
11065
06033
03154
02124
85073

031402309 3.175655
82061
12005
96066
94176
03171

031402538 3.139502
10012
15095
04074
89086
02103

031402343 3.04669
02103
11013
10011
02005
85118

031402540 2.97331
89085
95057
04019
02124
82061

031402325 2.965146
89086
15095
15095
02112
02112

031402234 2.961796
82061
03161
94176
04019
94104

031402338 2.947902
06033
11048
85118
12095
15005

031402410 2.925177
83046
03154
95098
04166
04059

031402612 2.884028
07042
09008
83046
02125
85118

031402515 2.875714
12095
02124
04019
04074
11065

031402316 2.85605
02124
82056
15018
95098
02125

031402331 2.833333
04073
16005
12095
85073
94178

031402512 2.819157
98041
06033
06018
11037
95057

031402238 2.814413
05013
15095
92022
05023
11065

031402432 2.766784
10012
11061
03161
96066
84069

031402536 2.766192
04059
02103
11065
15005
04022

031402237 2.754982
02103
04022
15005
96066
82056

031402242 2.754255
11061
04059
11065
05023
15005

031402319 2.741667
07042
15005
85118
82061
04059

031402123 2.730185
03154
11065
07126
04074
04019

031402127 2.718885
06033
05023
05023
06033
16005

031402142 2.701685
05023
02103
02103
02103
06018

031402240 2.698022
10012
02103
03030
03171
04074

031402638 2.690476
88005
88005
88005
04021
08076

031402111 2.687762
04021
03154
82056
15041
84069

031402525 2.677491
10012
06033
12095
05023
04059

031402510 2.663941
10012
10012
05023
15095
89086

031402414 2.65784
06033
04074
12005
11037
89086

031402513 2.653357
04074
12095
05023
15018
08076

031402218 2.646578
06033
02125
04059
82061
89086

031402501 2.635231
15095
07126
08076
06033
15095

031402628 2.634074
82061
04019
15095
96066
96066

031402528 2.612044
04021
03154
04166
11061
92146

031402135 2.607609
87007
11065
06033
15095
02103

031402630 2.599293
89086
06033
05023
04022
04022

031402334 2.594343
11065
02103
11065
02125
85118

031402141 2.589964
82061
15005
15041
04021
07042

031402634 2.581754
96066
82061
89086
04059
04059

031402413 2.57033
15018
02112
04021
02112
11037

031402422 2.56903
82061
82056
11065
89086
83046

031402412 2.553741
15018
11037
10012
11065
84069

031402239 2.537919
84069
85034
02005
85073
08076

031402206 2.537809
06033
03171
07042
04059
02103

031402128 2.519245
89086
02103
96066
07042
03032

031402541 2.504396
82061
11037
05023
05023
15041

031402411 2.485145
82061
11037
85034
02112
11065

031402107 2.479211
10012
07042
03154
15018
82056

031402503 2.473664
07042
11037
82056
08076
82056

031402328 2.463684
04021
07126
11037
11037
15018

031402402 2.44669
82061
89086
04021
12005
96007

031402219 2.437072
10012
04021
11037
11037
04021

031402539 2.436823
07126
89085
05013
82056
05023

031402428 2.424907
04021
11065
89086
05023
03154

031402626 2.41223
85034
95057
11065
02103
10012

031402516 2.3975
82056
02112
85034
12005
11013

031402439 2.394796
82061
11065
07126
95057
10012

031402113 2.379745
84069
07042
05023
94178
04059

031402236 2.377936
07126
04074
15018
88005
08076

031402505 2.374823
06033
15005
15005
04021
96066

031402322 2.33968
03154
15095
12095
98041
11013

031402138 2.288364
89086
12098
98004
15028
15028

031402616 2.286691
16005
02125
94176
96070
92022

031402631 2.278136
02124
02125
05023
83046
10011

031402340 2.266078
15041
03171
02125
15038
96031

031402329 2.261111
09008
96009
11048
03030
92146

031402217 2.24375
92146
94178
03030
04166
94104

031402502 2.215884
10011
97144
97144
12098
92022

031402624 2.212222
03032
02124
04073
02124
96007

031402118 2.2
92022
04022
15038
10012
04021

031402520 2.196679
11048
96031
04022
06018
15028

031402230 2.122049
11037
05013
96070
96070
11065

031402622 2.112868
87007
96066
02103
94176
11048

131400420 2.102589
02112
11061
12095
11065
94176

031402611 2.091241
82056
06018
02112
02005
83046

031402429 2.072662
15028
12095
84069
15038
04166

031402110 2.067778
15018
03154
05013
98041
12005

031402220 2.027482
04021
06018
06033
95057
89086

031402407 2.024727
15018
05023
03032
02112
11013

031402430 2.022744
04021
84069
94176
02124
15095

031402133 2.016436
82056
05023
87007
92022
04022

031402124 2.014706
03003
15028
03030
03161
04166

031402518 2.002888
15018
87007
06018
89085
11065

031402637 1.994245
03154
02112
98004
04021
85073

031402117 1.973561
82056
89085
92146
11065
11037

031402235 1.94083
15018
11037
03171
15018
05013

031402221 1.911842
96066
15018
89086
03032
15095

031402326 1.903889
98004
04074
15005
04166
95098

031402307 1.901254
95098
89086
82061
03171
04021

031402105 1.893972
11065
15005
89085
16005
08076

031402108 1.888095
82061
06033
94176
02005
09008

031402320 1.851296
02103
82061
06018
82056
07126

031402519 1.846099
15095
89086
10012
15018
12098

031402312 1.842804
11065
96007
89086
03032
03161

031402507 1.831507
85034
04019
04022
03161
11013

031402106 1.831399
02125
87007
89085
12095
92022

031402321 1.819216
82061
96070
04022
89086
15041

031402610 1.765926
02124
84069
89086
96070
02112

031402421 1.736491
02103
04059
06033
12005
10012

031402406 1.714841
92022
12005
85034
12095
82056

031402315 1.67007
94104
04073
12005
87007
05023

031402620 1.632567
04021
88005
15018
02005
10012

031402526 1.603915
04022
04074
15041
06018
96070

031402404 1.581091
15095
06033
02103
04073
82061

031402537 1.575182
07042
10011
05013
87007
12005

031402308 1.567778
15095
84069
05023
97144
02125

031402215 1.545374
04073
92022
02103
16005
98041

031402529 1.433455
03032
92022
10012
92022
04019

031402514 1.429851
85073
84069
97144
04074
85118

031402130 1.404754
09008
06033
12095
05023
02124

031402216 1.385556
07126
03003
95098
03030
09008

031402423 1.376015
10012
89085
82061
94104
11048

031402444 3.716129
11037
11061
04021
96066
94104

031402125 3.54184
11037
06033
92022
15095
03030

031402131 3.510461
82056
82061
02103
07042
89085

031402603 3.423944
10012
11048
06033
03161
12098

031402203 3.340669
15005
85118
04059
03003
04166

031402401 3.305755
82056
94178
96009
15041
82061

031402228 3.289247
82056
11061
04074
02125
94104

031402534 3.245255
03154
95098
04059
04074
11048

031402209 3.243902
03003
96007
94104
84069
05023

031402533 3.235424
89085
11065
02103
06033
94178

031402434 3.231818
82056
03154
10012
11037
03171

031402425 3.225887
94178
92022
15028
97144
85034

031402625 3.207194
89085
03032
98004
03171
05013

031402644 3.174818
95057
02124
02005
98004
03030

031402136 3.134712
03032
12095
96007
98041
11013

031402522 3.119343
94178
87007
15028
04059
92022

031402207 3.081273
11048
07042
95098
94104
92146

031402530 3.072727
04021
98004
15041
07126
04166

031402641 3.045683
82056
06018
09008
95098
10011

031402636 2.932509
03154
11037
03003
10012
04166

031402243 2.917931
02112
08076
83046
96070
10012

031402208 2.848732
87007
03154
02005
15041
15041

031402241 2.78617
05013
94178
02005
11013
85118

031402635 2.679443
96009
09008
83046
11061
94178

031402606 2.641935
92146
10011
06018
85073
85118

031402336 2.590794
88005
06018
11048
03030
03154

031402441 2.587279
98004
83046
12095
10011
82061

031402544 2.497509
12005
02112
11061
89085
03154

031402324 2.432168
88005
88005
88005
88005
88005

031402210 2.411649
15018
88005
05013
03003
07126

031402205 2.928339
87007
04021
82056
11037
04022

031402613 2.919853
10012
08076
11061
05013
89086

031402301 2.879291
02112
03154
10012
04074
06018

031402202 2.877536
15018
87007
95057
07126
02125

031402227 2.831767
04022
11013
84069
12005
82061

031402532 2.786989
83046
15038
04019
96009
12005

031402231 2.783088
04073
94104
06018
07042
03154

031402427 2.660377
95057
15028
94178
98004
07042

031402139 2.642366
06018
11013
12095
03154
04021

031402605 2.639033
07126
10012
05013
02112
15018

031402543 2.501449
11061
05013
04021
02103
94176

031402424 2.395849
05013
03003
11061
15095
96066

031402223 2.334457
85034
06033
15095
98041
12005

031402420 2.297761
11061
06033
96007
87007
02005

031402642 2.272222
82056
95057
04019
92022
85118

031402531 2.232609
12005
98041
04073
04074
96070

031402303 2.215977
10012
08076
11061
06018
02103

031402116 2.121324
11065
06033
04022
03032
11048

031402524 2.11963
05013
15095
04022
04022
82056

031402126 2.09011
06018
15038
03171
92022
98004

031402335 2.03795
96070
10011
03161
92146
96070

031402114 1.860189
89086
96007
02125
94176
85073

031402306 1.834133
87007
03003
11061
02124
02125

031402601 1.691209
03003
12005
03171
03032
03161

031402609 1.025
03154
08076
04019
03030
04073

031402213 0.997636
82061
11065
04019
02125
96066
