02005 4
02103 4
02112 7
02124 5
02125 4
03003 4
03030 8
03032 3
03154 8
03161 5
03171 8
04019 3
04021 3
04022 6
04059 6
04073 4
04074 6
04166 7
05013 1
05023 5
06018 5
06033 8
07042 5
07126 6
08076 6
09008 4
10011 2
10012 2
10044 0
11013 8
11037 4
11048 8
11061 4
11065 8
12005 8
12095 4
12098 4
15005 7
15018 7
15028 3
15038 4
15041 3
15095 3
16005 4
82056 5
82061 4
83046 4
84069 6
85034 5
85073 6
85118 7
87007 8
88005 4
89085 8
89086 7
92022 4
92146 8
94104 5
94176 3
94178 3
95057 5
95098 4
96007 6
96009 8
96031 4
96066 4
96070 8
97144 4
98004 4
98041 4
