00001 3 6 031402304-031402514-031402303,
00022 0 3 null,
01004 1 5 031402257,
01007 1 7 031402222,
01009 2 5 031402340-031402579,
01017 3 4 031402405-031402544-031402177,
01029 1 8 031402367,
01100 1 6 031402132,
02025 3 5 031402345-031402456-031402221,
02089 2 5 031402119-031402161,
02103 2 4 031402229-031402565,
02108 2 6 031402415-031402546,
02112 1 8 031402282,
02117 0 6 null,
02124 0 5 null,
02125 1 6 031402312,
02128 0 2 null,
03003 1 6 031402598,
03009 1 3 031402200,
03010 3 4 031402214-031402398-031402381,
03014 0 4 null,
03015 2 6 031402203-031402184,
03016 0 6 null,
03030 3 7 031402154-031402562-031402427,
03032 1 7 031402278,
03048 2 5 031402235-031402601,
03052 1 4 031402446,
03058 2 5 031402204-031402554,
03061 1 4 031402183,
03073 3 4 031402298-031402408-031402153,
03074 0 4 null,
03076 1 4 031402503,
03084 1 4 031402122,
03096 1 3 031402119,
03111 1 3 031402209,
03112 1 3 031402216,
03135 2 7 031402458-031402310,
03154 0 6 null,
03161 0 5 null,
03171 1 6 031402543,
04010 2 6 031402141-031402504,
04017 1 4 031402515,
04018 2 5 031402199-031402442,
04019 1 5 031402586,
04020 1 6 031402445,
04021 1 4 031402166,
04022 1 6 031402410,
04025 2 2 031402141-031402540,
04027 0 4 null,
05023 0 6 null,
12005 0 8 null,
82058 1 5 031402133,
96031 4 6 031402489-031402513-031402474-031402506,
96070 2 5 031402219-031402507,
97144 1 3 031402202
